X	Y	Z	Vx	Vy	Vz
-0.20873935770600952	0.3967565723390992	0.6203737181242829	0.3967556912814963	0.20872956036579127	-1.3027707569531849e-06
-0.11779084741733085	0.05556811875749933	-0.7635537713636221	0.05557038767656686	0.11778214413151171	-3.3377011734010584e-06
-0.7168226925165855	-0.3927893682815805	-0.4675997066707499	-0.39279645318439665	0.7168145075160866	-7.568362294283821e-07
0.4606796968377546	0.628043169835297	-0.5664012431114588	0.628046828400357	-0.46068049526601484	-8.496669564642617e-07
0.7464634237230203	-0.4204945893774631	0.013935709119737284	-0.4204847924456255	-0.7464585610615398	2.66846477928815e-06
0.018431297144413786	-0.9499190110541446	-0.16985991388236565	-0.9499169023096413	-0.018439677913209346	2.0925443670211466e-06
-0.2625292601991048	0.42408622921134065	0.5247752854798261	0.42407752788206254	0.2625328479376145	6.850090484232478e-06
-0.3760154136983516	0.8576242634321652	0.025042070364121084	0.8576256019878594	0.37600629754721	2.566635634669751e-06
-0.4253654879045606	0.6990297262153754	-0.08716066763528109	0.6990262455403993	0.425360804368745	3.208677923656128e-06
0.3746605196821661	-0.6183446571302332	0.35890766830818854	-0.6183467616629007	-0.3746575746751022	-1.3659497568661976e-07
0.04930437214328638	0.6457191613513572	-0.20111805544252503	0.6457240240437904	-0.04931161350686837	-7.278239236557569e-06
0.06852785694842152	0.08772278576736935	-0.07718890144800018	0.08772628295340036	-0.06852743553629315	3.0874313907427755e-06
0.4417232294521873	-0.6457146078171495	-0.2618080063477507	-0.6457206465707098	-0.4417289433443157	-1.8220426315383282e-06
-0.01946694707021583	-0.09187056594543187	-0.4057849394245431	-0.09186138524319071	0.019461942825862166	2.523726702631334e-06
0.06719909058522684	-0.7942966265182826	0.045019621309332895	-0.7942955018068133	-0.0672076463461922	9.144504770630522e-06
-0.42495915988157834	-0.7153439685500879	-0.024335998718416085	-0.7153479340474653	0.42496225990386666	-8.998689478542874e-06
-0.21731794561880727	-0.8329781095824343	-0.042145423520758014	-0.8329705711747719	0.2173143975370651	-2.598205431597943e-06
-0.04759949344710028	0.10653493422452574	-0.4539675078769442	0.10653973072317016	0.04760158490394342	-3.48557807951514e-06
-0.5409662840271969	-0.2782564561809081	0.29736443346276376	-0.27824927960034995	0.5409662720273761	-3.9394378124022304e-07
0.19255249553208295	-0.7260790421149746	0.6299502375927964	-0.7260883718059314	-0.19255003276206248	-6.6079281881138235e-06
0.6310024901883247	0.2582257705074561	0.010426130574588622	0.25821967046629385	-0.6310024000829764	-5.871326609706473e-06
0.036743156616579634	0.2604282793082743	0.07973225689093276	0.2604198403997317	-0.03674910588088978	4.319743032347527e-06
0.2020503463411842	-0.38720985544453124	0.8791315331530353	-0.3872016732953679	-0.20205032230608488	-9.735183952518302e-06
0.7924697709004487	-0.12330545684548379	-0.5347460883648562	-0.12330886455208	-0.7924693367967552	-2.1574221538217584e-06
0.30678529708824537	-0.1053134391142997	0.8080257387055855	-0.10531509763773142	-0.30679056445866953	8.191141230328866e-06
-0.4326501631348361	-0.35987786827720203	0.21221507122068706	-0.35987093618915666	0.4326473643492919	4.410628519198103e-06
0.42360385119193017	-0.3053308585117037	-0.6654802569659767	-0.30532799449889675	-0.42360895220519595	1.896235561589194e-06
0.7555770520030085	0.1674384958952736	-0.04527987440159154	0.16744643486513375	-0.755572542470049	-1.7288719821332117e-06
0.3766394988566614	-0.46063487604878783	-0.6157238119869742	-0.4606394369701562	-0.37664160326415314	-5.571980377432697e-06
-0.09465510861503205	0.4890772812952756	-0.24245725310461463	0.4890708364213218	0.09465369897419665	-9.443996715703008e-06
0.2598948430742582	0.07023061176116828	0.6364163776405988	0.07023273185312788	-0.25990279585372045	-2.084256774630405e-06
-0.4150973829868046	-0.202414907429728	0.4770295991989252	-0.20241452061679518	0.4150966812721365	8.779067497007453e-06
-0.3078263927413663	-0.05927733285697036	-0.25868297831743525	-0.05927445087274467	0.30782210173338287	-9.42930713060688e-06
-0.4420214180364897	0.34486410675424517	-0.4980586782954862	0.344857650453409	0.44201154348067057	-9.189386692494538e-06
-0.02900334225440497	0.27666140788626736	-0.6269279683068426	0.2766682842383531	0.028996699992742635	-8.355142277048967e-06
-0.11492043668049438	0.0013738457022721574	-0.8596102602712702	0.0013647207319776474	0.11492883278367261	-8.85592893180219e-06
-0.1721537865454479	0.20341558553403505	-0.5340581224756061	0.2034121495940334	0.17214732853701809	-1.4328209942672726e-06
-0.3731517402657843	0.5300718188303027	0.08937058378351269	0.5300667598292947	0.3731451331961035	-3.6946102942149313e-06
0.6253281683623249	0.5276297739592642	-0.2638543204736091	0.5276280396496548	-0.6253218153393866	2.3395561885270916e-06
-0.4604023051737019	-0.6013773625720152	0.36182553819531715	-0.6013750028173432	0.46039946060727216	-9.145392322424379e-07
-0.20802622942609975	0.2982663878665176	-0.20335069038709064	0.29827448013341573	0.2080354196231182	-4.384520783686188e-06
0.24059458844873924	-0.373705753936325	0.7713151520168203	-0.3737151378985268	-0.24059857534031376	2.5265151004030866e-07
-0.5634156310037404	0.2875821202034218	-0.5283862928324915	0.2875790637064741	0.5634075616745338	3.587380546089122e-06
0.39329043098482147	0.5684590040909322	-0.15191658650524154	0.5684493618752013	-0.39328349723644895	-8.798681665324164e-06
0.5784426722156784	-0.30867919872163807	-0.2896784848932471	-0.30868348210080515	-0.5784519359372251	7.9240425191329e-06
-0.2583564286253373	0.3190100838090836	0.48788422101446194	0.31900124540694125	0.2583532339452901	-9.306265181265656e-06
0.07727192513272026	0.1117572330711215	0.6201818054305911	0.1117610517395227	-0.07727441110391853	-3.215842414005105e-07
0.6461720162991813	0.01857202564742587	-0.22022644584774687	0.018577826386280753	-0.6461687244545323	-4.062258280380255e-07
0.2628973721881506	-0.5763675780040917	0.5504356283459327	-0.5763625567767182	-0.26289262485944065	9.15469434507289e-06
0.2502963686078434	-0.44886624436751343	0.3597041217018072	-0.4488570437920349	-0.25028728869218103	-3.81514484744697e-06
0.344632458903576	0.6167185105365734	-0.24072565006624058	0.6167130984929607	-0.3446345041639401	1.8224368806527575e-06
0.4054174174152216	0.53737305946784	-0.27158281101815407	0.5373827927100041	-0.4054076855120405	-5.5245794845696145e-06
0.16733803645571907	0.1707065960256099	-0.9496164590514672	0.17071503162564197	-0.1673372223764554	-6.394214814254682e-06
0.21173573313386027	0.9341508654622056	-0.07146645537249031	0.934145823465508	-0.21173503990898024	6.940938291921086e-06
-0.4381011635162105	0.27929570055561215	0.6435232595746211	0.2792944447510157	0.4381081154131085	3.1768370983337106e-06
0.5791984528506238	-0.2755623576603411	0.6708068607004923	-0.2755628610965833	-0.5791979624760253	4.689675505888888e-06
0.6318830008185592	0.30941088582767085	-0.6679471584463667	0.30940636302847624	-0.6318895798894034	-3.5304254286748536e-06
-0.15851502575063783	-0.4359451651580343	0.04875997508663154	-0.43595101463089464	0.15851902708891735	-3.332451772696295e-06
0.21745255207957934	0.4797926917451002	0.14617235715916033	0.4797836737094575	-0.21745632129449302	-9.383805806888953e-06
-0.010511236936145793	0.03601722071984913	-0.2085063791685785	0.036008839498243427	0.010510271522807119	9.76163360170749e-07
0.11756251051141371	0.45840163257545463	-0.202534371775965	0.4584055586151773	-0.11755592466767409	2.7477537020834826e-07
0.3902766017966767	0.10941457185749269	-0.5840908162799775	0.10941015633288921	-0.3902678449507842	9.749784430336717e-06
0.7277524372808724	-0.3427133598879214	0.5811325436030995	-0.342722935726614	-0.7277450444144322	-3.5065682144605976e-06
0.29719457229101315	-0.6575056511999992	-0.18096652398010538	-0.657513027000721	-0.29719743724182307	3.520599703314479e-06
-0.03461387764389738	0.8083436168316783	0.5205505724147642	0.8083527578428016	0.034623886569616166	8.438326779787028e-06
0.6818292753234705	0.46196035896186916	0.36794148364653767	0.46196182721635703	-0.6818281444418723	1.6856980454322018e-06
0.13092331056321857	-0.20049075012283002	-0.4272660202739039	-0.20048807054144757	-0.13091394638544085	3.7087284972436124e-07
0.4360223601192405	0.24024154008224452	0.5323337891127297	0.2402475463685728	-0.43602586365820956	5.959125907810094e-06
0.08697661798305285	0.3619248313468745	-0.45697642133135374	0.3619348041185056	-0.08696701122743448	9.783193325465494e-06
-0.4973091095682272	0.6738923428910418	-0.17513823660384464	0.6738838314614513	0.4973166446457808	5.6307599555612864e-06
0.03258605248468323	-0.3461642741240617	0.540563862456018	-0.3461572365394161	-0.03259497893566441	-1.775321657316325e-06
0.401918916870652	0.5540531925773052	-0.5318989649721341	0.5540462296644169	-0.4019159624131734	1.6053366763993154e-06
-0.08937458344356868	0.8447745156413647	0.20765152895004946	0.8447646959615794	0.08938247237623663	5.923136979150705e-06
-0.21055012447681246	-0.7444120789223624	0.20991854977761581	-0.7444151618566286	0.21054776635223263	8.806344441569788e-06
-0.4688164676090694	-0.07557542832599586	0.7900907432002219	-0.07556775927009411	0.46881747457387907	4.6642468615646955e-06
0.33357920815685577	-0.440745938463286	-0.20836295895104262	-0.44075340664490736	-0.33358545906898956	4.191442397825535e-06
0.03964451692210354	0.19687956317356659	0.3276642375792681	0.19688706956472435	-0.03963509942898652	-4.222116815882518e-06
0.6451164021614628	-0.5153785134087404	-0.006391820642156831	-0.5153731746426298	-0.6451234536663824	-7.3301585210405995e-06
0.4362747419475012	-0.5902883248010925	-0.10147740298778131	-0.5902872061756523	-0.4362775312072516	-9.333830586163839e-06
-0.0736225987238928	0.6290766449650161	-0.6344526694545366	0.6290796480382976	0.07362737715892499	-6.114269600926088e-06
-0.6745937234620514	0.5121559338676841	0.03641900932523267	0.5121501397263943	0.6745837754423752	6.547138470648346e-06
0.4259831282553083	0.5280876046219095	0.42704785788314836	0.5280851060323135	-0.42597743929163295	-5.872700852890198e-06
-0.8499777061305054	0.4808070229994136	-0.11645317586223193	0.4808158850825002	0.849985139078654	2.1608802707527155e-06
0.7510113150655966	0.29120320163681435	0.4569853842914443	0.2911961190802698	-0.7510206378486207	8.099568302954258e-07
0.11893840312224997	0.056437373310249325	-0.8876896053831459	0.05643471257762755	-0.1189340775712745	7.93309826923027e-06
-0.07113633647351429	-0.3574014520754142	-0.524939393964302	-0.3573993259506356	0.071141251182765	1.7667426776064293e-06
0.21778453662631755	0.32999158203534795	-0.015988270911810775	0.3299830191026392	-0.21778908827816545	-6.819730309264265e-06
-0.6275788806213183	-0.4272084001677795	-0.06683411419782916	-0.42720774388137783	0.6275738403361736	4.898953981871419e-06
0.536807325698069	-0.6233846104040593	-0.24891755805945592	-0.6233758221370967	-0.5368127888099798	-7.341786196545202e-06
-0.33070696621859513	-0.7780786539859436	0.37769446742272283	-0.7780752919210991	0.3307014803239209	-6.641982783580784e-06
-0.2380462734320639	-0.5153173087046535	0.6756930858817792	-0.5153077165015889	0.23804945493847102	-6.271515036292213e-06
-0.5462175864230419	0.012208310230366603	-0.29602860764584726	0.012214686023145474	0.5462221995954232	7.188671724300295e-06
0.00558427998862561	0.621940035614697	-0.7483126800734557	0.6219482190449916	-0.0055874514826683465	1.7575517320724416e-06
-0.6094858529168015	-0.269584539939853	0.47821307866212315	-0.2695763302237513	0.6094902257891828	8.606065860982785e-06
0.15286328662410817	0.6275011955112316	-0.6860547714851711	0.6274927415460214	-0.15286934242307026	-4.269534082983742e-06
-0.24448805427597045	-0.3768037800250231	0.7356003866242257	-0.3768056066355427	0.2444796243869327	1.666119881634182e-06
0.1474634818396696	0.5468705609350543	0.09269727963686068	0.5468645394306986	-0.1474632116997072	7.885850868875559e-06
-0.38368336614669524	0.09192910054086721	0.5060967138918632	0.09193720504964008	0.3836858216538998	-7.578391397302867e-06
0.3328158552922739	0.5599450002992571	0.41952960715387666	0.5599518989912073	-0.3328147427425798	8.158022358237702e-06
0.10646609180168039	0.15628162561289305	0.4476054702179769	0.15627899485851462	-0.10647253763915725	-8.20975422021194e-06
-0.4559206980032023	0.008909840904176224	0.38364181689536114	0.008907291855957797	0.45592901110395884	-9.808664582319647e-06
0.4149081804055352	-0.07510208412402054	0.09560388434742394	-0.07510135611572814	-0.41490056650359763	-6.317295224724023e-07
0.5942790506021225	0.48028092714721027	-0.4127265388233	0.4802760114334952	-0.5942795694738587	-4.8615564879318485e-06
-0.18467740445320804	0.7823442776995068	-0.3017662049016333	0.7823469306075616	0.18467496182622914	-4.4523318666965e-06
0.10554299063486834	0.3087478384594088	0.4041554914759963	0.30875546456025227	-0.10554426097682144	1.8694825624530348e-06
0.5881482055145346	0.5446704418948395	-0.25790772577290266	0.5446679393411089	-0.5881427845339117	2.7244039177544847e-06
0.2638986509131464	-0.3465275083387992	-0.8632144698728635	-0.346521305733185	-0.2638967897930377	7.076931558112529e-06
0.5749755543369799	0.7376284869797408	0.09449972064993038	0.7376295720301288	-0.574976059686477	-8.434269518535195e-06
-0.05814537923589751	0.11507329730991743	0.39902476918441543	0.11506882273618119	0.05814642285668925	9.969862989191952e-06
0.008030125770472865	0.409058240552416	0.07204228000452671	0.4090554427545503	-0.008022637316126978	-1.4200690746826999e-06
-0.523460544053175	-0.33647975149303677	0.3149881917448195	-0.3364764339893299	0.5234580145650805	2.8096813199923335e-06
-0.08341801786722396	-0.6104265632669984	-0.2563504587782778	-0.6104241660944782	0.08342736473314849	1.6637545042297992e-06
-0.025459861903851785	0.01729546706026995	0.5532134475074214	0.0172861391066679	0.025450976998480788	9.758677865946845e-06
0.46432930438590286	-0.5547639715590754	0.4260329176454428	-0.5547673424390089	-0.4643300790663343	-4.52218168004914e-06
0.10283318261786385	0.1892739692422808	-0.2801866678172359	0.18927120886171347	-0.10282453203490001	3.468193400501624e-06
-0.7469439394051454	-0.5758646496819994	0.07755268179793516	-0.5758618074941182	0.7469356682225572	6.6582650165910846e-06
0.8541827650170872	-0.3187086567937455	-0.3786362008196825	-0.3187140888222196	-0.8541832807563037	2.9654276460896747e-06
-0.47107872685018864	0.2808083085082612	0.5886985046171086	0.28080669652840906	0.47108616461896996	1.8334496887094425e-06
-0.9229686989338277	-0.09184449265179397	0.3262401459615437	-0.0918407231458402	0.9229687421317672	3.963814134955967e-06
0.02442122327225489	-0.5334351149932685	-0.2292384446815544	-0.5334435252329135	-0.024422772094874503	6.631929538913324e-06
-0.6254178826239325	0.45594409111841705	0.032168636130567856	0.4559517091153903	0.6254208018865637	5.540233976903346e-06
-0.06732711418466057	0.7325812627016021	-0.24055049532586958	0.7325777292745921	0.06733325648408049	-5.205466723872543e-06
0.17456095373064115	-0.05934539834265941	0.5672689267707954	-0.05934390764109118	-0.1745519339350591	-6.524105323264837e-06
-0.8618858730736676	0.033344220815239564	-0.37330096730226214	0.0333391969347576	0.8618909330566336	5.574998065912786e-06
-0.20238303098825686	0.059559431949194205	0.5513412084229309	0.05956824750077427	0.2023924418589712	5.7024609764212015e-06
0.41183875034122946	-0.7476253169252168	-0.06533475336566975	-0.7476215534568518	-0.41184742088881615	1.5117554588197473e-06
-0.014902644531567907	-0.6467246062631208	-0.6175426284587507	-0.6467297686629455	0.014896128176881922	1.2208781463815596e-07
0.2374825218854579	0.19277957923335076	-0.3916496806059585	0.19278259847503856	-0.23747486462468906	-2.529262689078958e-06
-0.8869185106149227	-0.11842348862793574	0.20741795175527955	-0.11843050698670733	0.8869278141643221	9.859801149427121e-07
0.4418584420323241	0.046735615384008264	-0.631318608633069	0.04674431928939138	-0.4418601141101702	-1.9975060258542396e-06
-0.09819431146441109	0.8455995808885804	0.4875101361697841	0.8455899356227738	0.09818582881677977	-9.916716296196305e-06
-0.4977852582466558	0.1715841180437233	-0.25221947391929456	0.17157551898594792	0.49778202269974564	-7.84339999888997e-06
-0.3807638353193213	-0.31366336456997523	0.7310105380433481	-0.3136542942378404	0.38077368429456115	-6.8690835981180264e-06
-0.8888489730801852	-0.09470211415930042	-0.19479859892071516	-0.0947115150840376	0.8888470011027795	-3.787561819853463e-06
-0.1695682153587519	-0.13476662223973934	0.8245137780402584	-0.1347593305054852	0.1695653777161848	9.730134738911426e-06
-0.8466043564323853	-0.34846021710427266	-0.05998128950394122	-0.3484646533373961	0.8466021861849933	1.0061189045795144e-05
0.4018390794782493	-0.6732614010355792	0.2486869137005595	-0.6732606692331263	-0.4018293157663749	1.65884978006882e-06
0.019605494735518605	-0.6532461610919517	0.7372980459077886	-0.6532529735267302	-0.019610436381113133	-2.757347798285535e-06
-0.3572936005537089	0.5675927427119846	-0.003736688154093125	0.5675974991397205	0.3572984546838066	-3.688437902470479e-06
0.5470240278626624	-0.7232755899903173	0.38708315449398156	-0.7232814359379465	-0.5470232807556898	-4.484797485226986e-06
-0.4328532127713883	-0.20823380145870696	0.6352941178306833	-0.20824326922621733	0.432844771609192	-5.479079029279215e-06
0.6514626058499484	0.28109382892410684	-0.24595944349471333	0.2810894480560682	-0.6514587127335227	-3.997482557980441e-06
0.03199185987045046	0.21859084057051137	-0.8747602332539536	0.21859032947365814	-0.031981911347224945	1.434011128229115e-06
0.7068239536423602	-0.48289136704612556	0.3059119844533168	-0.482898748359489	-0.7068295981839259	-2.4487609462411716e-06
0.09160194301036291	0.7342328160317874	-0.37277364276444513	0.7342273777734566	-0.09159863741799587	-9.130884767911499e-06
0.048710288272395055	0.5481559339334702	0.6540717653365545	0.548158629783291	-0.048716563170207776	3.904092758109314e-06
-0.3953033177401107	-0.05745432592914458	-0.5016267684121966	-0.05744492092750245	0.3952949967202252	7.329711691268985e-06
-0.23842345845470472	0.17962614230194018	0.23641488575758995	0.17963410008122727	0.23842214261941258	-5.780337343751356e-06
-0.22629402053925454	-0.5674859856221767	0.6602634895961726	-0.5674775460094248	0.22629453543785116	-5.27055888527985e-06
-0.4152783090807853	-0.5141164606501273	0.08286203449467432	-0.5141206461984895	0.41527283088283995	3.394843103444635e-06
0.6471650917993677	0.4070632350976874	-0.09328373283220905	0.4070689733385216	-0.6471716556333426	-7.855826919370573e-07
0.001123438427122995	-0.620819125128946	0.17697408898908373	-0.6208105801537881	-0.0011194234299456702	7.230492311981109e-06
0.5974755983614859	0.44904957342042573	0.13042704169821773	0.4490470021518125	-0.5974745255962197	-5.067974190623628e-06
0.8347542744854046	-0.10367588276098551	0.24737033473361614	-0.10368012676515415	-0.8347552603880157	8.704076460195936e-06
-0.6696229199904333	0.05788580372543116	0.5011258149706209	0.057882134725921575	0.6696290055757439	-6.430832340425459e-06
-0.19285641075491358	0.9127978453377347	-0.32660038444591677	0.9128005017856213	0.19284989847368467	5.234988612565969e-06
0.31639593302551855	0.1582768727928795	0.05729726780009902	0.15827791637262925	-0.31639047196254705	9.11697946667863e-06
-0.26238587268171926	0.4454993627300633	-0.05481981937855885	0.4455091530099351	0.26239086194971317	9.161619421281415e-06
0.15969070910587632	-0.24649072884641166	-0.1447458662359088	-0.24648715928947001	-0.159687626358337	2.712253951586356e-06
-0.7516622033762412	-0.2539185048969136	0.3951810221169464	-0.25392212807157755	0.7516669450997697	6.712096296905292e-06
-0.10944826027515613	0.8142231625507453	-0.20130353725070804	0.8142201007528465	0.10944208813658043	1.9895030614892896e-06
-0.1767185793389945	-0.37143723908630755	0.815259111899347	-0.37143560832109146	0.1767249103439547	-3.2729725405992557e-06
-0.40407730214564014	0.7261614394647332	0.468727679627584	0.7261565235826094	0.4040854730472206	-7.888613576179241e-06
0.22872805528567516	-0.6306184259993138	0.5602904353811072	-0.6306264955418451	-0.22872275241380485	8.04773942724269e-06
-0.1921876236287743	-0.16642860143953297	0.5120048516612351	-0.166437175760736	0.19219368213548207	-7.001144500072712e-06
0.4337941803468636	-0.04541291273515426	0.2693988614490773	-0.045420657000800405	-0.43379429476219106	8.437135370595373e-06
-0.028381867340968633	-0.047564554299188835	-0.20786500949223397	-0.04756675301800299	0.02838559201867695	3.2482950204416663e-06
0.32384355036281115	-0.38170993969854006	0.5245363511799576	-0.3817198089979488	-0.32384717193065876	4.6958361565454675e-06
0.08594316582168977	0.15166501547331956	-0.8568796448898187	0.1516614908883309	-0.08593654310480756	-1.8420130880274906e-06
0.5048338049170997	0.4863999182512705	0.12648127970980372	0.486394423041046	-0.5048365847765532	7.648350483330735e-06
0.26114139476446935	-0.5888817785784967	-0.3545024490908878	-0.5888763437337708	-0.26115073935230376	5.725653066007765e-06
0.13175688673186367	-0.27594426825507334	0.032436037829584145	-0.2759420246381683	-0.13175078470558846	-8.283768459109912e-06
-0.27304979111401223	-0.8269738510975132	-0.27738443826910186	-0.8269776552839688	0.27305698706108095	5.0380196600095245e-06
0.23083618537214187	0.5660846334755073	0.6307819496263561	0.5660770703532098	-0.23082649126920027	-6.158928132344135e-06
-0.9681684675613442	0.24057825733946359	-0.010377160944477947	0.24057085909331583	0.9681715343842114	-3.0277678019003215e-06
0.0625807359660588	-0.4606360126597494	0.1488616174956069	-0.4606354856166943	-0.06258220206307986	5.634429075355504e-06
-0.280604176866776	0.05920369629920029	-0.22363089367999167	0.05919841654314183	0.28060698934879647	5.837652314490702e-06
0.4876714510770563	-0.3277170097861707	0.44258300431027153	-0.3277140269067365	-0.48767329069438914	1.2678266402912557e-06
-0.5796597731550008	0.1875017209394899	0.5473062047248144	0.18749830214305477	0.5796607105110251	5.816337387591736e-06
-0.6341669126847507	0.04552993935142889	0.6821670247973811	0.04553771452326662	0.6341744203644761	-8.554663418324087e-06
-0.07695113202048236	0.6660875568794257	0.5326825202172546	0.6660819779199602	0.07695534345923602	6.411621630280515e-06
0.1970309809918067	0.3184678380105702	0.4876540235195653	0.31846536788650087	-0.1970235561455394	-3.89586687200188e-07
-0.12466802425755179	0.5136522057418259	-0.674885190657594	0.513656061902561	0.12466843546404541	-6.7248350633613055e-06
0.03827364173131849	-0.899057799896278	-0.3375263844941735	-0.8990553696480643	-0.03826666727129607	2.305153677672202e-06
-0.32565431109667614	0.6354410121703017	0.22232200714729322	0.6354434986289966	0.32565636524538155	5.241805994823394e-07
0.8866950812263099	0.20148621003917244	0.0813972753431823	0.20149520799348541	-0.8867040478920047	-7.296259904345955e-06
0.7208594935807817	-0.26740108586716727	0.15672292191641846	-0.26740773189182393	-0.7208564064551897	1.0031132985021158e-06
-0.15358554812427852	0.17811982093880763	0.07547064779352329	0.17812189900233233	0.15359023769145652	-1.5551759068317834e-06
0.4307894592110419	-0.7376574137430755	-0.13170465665615116	-0.7376520985688161	-0.43078294530114575	-6.973398571446679e-06
-0.7447150167672802	-0.18734797547534277	0.19980506930641806	-0.18734352061581241	0.7447233615609596	-8.732745939675934e-06
-0.30830706472526487	0.23556382341765192	-0.2184241180492491	0.23556535489175365	0.30830730942110335	3.3668156160756972e-06
-0.833018619686952	0.04147866453843051	-0.07425524327336976	0.0414713316807013	0.8330086759748477	-8.389174110658771e-06
-0.7057969263866508	0.13825450876059275	-0.14112334426719386	0.1382623829125633	0.7058018681056447	-5.606121445260819e-06
-0.4805484747423326	0.351828606650885	0.46650299849260446	0.3518343752681269	0.4805483024123196	7.52097015318099e-06
0.15816682352787456	0.08175050584844211	0.12557643974029353	0.08174761645396891	-0.15815852880048706	3.467248193483633e-06
-0.13208519941372668	-0.5636887778959935	0.6828211059910837	-0.5636822315503774	0.13209391522854563	2.033116650435053e-06
0.6682938653400989	-0.40409354424183797	0.24371556720917475	-0.40408829693020004	-0.6682909296809377	8.807941559630167e-06
0.900180380253699	0.10779420636345637	0.057912039981329426	0.10778652227066819	-0.9001792770205232	-3.387967811757183e-06
-0.45252986898293296	0.006331505068830944	0.7976261334433389	0.00632684169684504	0.4525384855828169	4.419727120730508e-06
0.07744598229707007	0.7723840163424908	0.47744326189886543	0.7723797958066572	-0.07744814518434405	-7.4075593829855096e-06
-0.3996134336555191	0.264615768928918	0.7467408634662863	0.26460686651973203	0.39960909546449885	9.98880230568892e-06
-0.17905959109032923	-0.27892145209805974	0.8996347954789202	-0.27891857244400925	0.17906867862104586	-1.791138117683227e-06
0.19981585143931976	-0.17333332266423873	0.9412149728316107	-0.1733372061103481	-0.19981732222879567	-4.143989725718444e-06
0.643119961290836	0.3253569638534136	0.4068828745607146	0.32534926786761936	-0.6431148426810467	1.5060173949112463e-07
-0.7853487914222419	0.010932171815758106	-0.04748227953519602	0.010923317532292897	0.7853525466328781	5.874784471610319e-06
-0.3834404527752185	-0.37332067438380145	0.6946172015692283	-0.3733217446898196	0.3834479115869462	-7.454375952939232e-06
-0.038897165940916786	-0.9615125770223699	0.14887707689318075	-0.9615116994556279	0.03889976472437723	-5.681248151742942e-06
0.7399837698486005	-0.5376906703166787	-0.29452165425697985	-0.5376854367821466	-0.7399802122356858	-6.3292696066994e-06
0.2660931980285967	-0.027565936996302734	0.16360251778659707	-0.02757001418722584	-0.26609374523931084	-3.044296054969647e-06
0.9101994878985664	0.24419234671105972	-0.016586387139519664	0.24419991704350785	-0.9101979368989942	-9.637709234430492e-06
0.06870289956930438	-0.7405328828931473	-0.09602309644409436	-0.7405419087478666	-0.0687082248643932	-4.786582561550562e-07
-0.30159177143516663	0.9274853278117395	-0.22981908473931056	0.9274925152484719	0.30159425836820297	1.4809532411064502e-06
0.6099301588407418	0.3056551530802428	-0.06747681962464215	0.3056536236896727	-0.6099394594626015	-7.278770068911753e-06
-0.6491517717490862	-0.013397226694308885	-0.17402301776827056	-0.013387672415080156	0.6491463238566686	-3.1339144601955068e-06
0.1590297161416869	-0.7344004063142978	0.14390817339369344	-0.7344032827040256	-0.15902477510253238	-6.157206120148212e-07
-0.4935115235475163	0.5299010590611087	0.6349888412039445	0.52990928738965	0.49351077694463513	-3.786540122378846e-06
-0.4253306593222806	-0.2689468113596062	0.5745101667782982	-0.2689549240335292	0.4253395708464399	-8.444203633465198e-06
-0.8060782514144946	0.2018800234937005	-0.5252811215563488	0.2018874196559374	0.8060806377538429	-2.8478616493565987e-06
0.27241815921845797	0.9304291064580671	0.005299765042840677	0.9304198751018022	-0.27241208138525486	-3.54721414567939e-06
0.24598315366131282	0.4081101855347701	-0.19827508249743608	0.408108056105313	-0.2459892458191371	8.099590993157629e-06
-0.39084422025890203	-0.26315716469677775	-0.6314629731899161	-0.26315887512370717	0.3908405055353862	-5.514741452360363e-06
-0.37551737751730757	0.6332749171373936	-0.5582625780727578	0.6332754510959014	0.37551773352292284	6.203736025187933e-06
0.3459348141878679	0.04489142387550947	-0.7835826877826079	0.044895475947931904	-0.3459410773759391	-9.004428905279001e-06
-0.5760177473504642	0.6798681884724965	-0.2976470215863901	0.6798747933743732	0.5760153569920828	-7.1325204639211925e-06
-0.6159143015959787	-0.153016368473755	-0.6259737369215205	-0.1530118828212467	0.615908444942724	-1.2634121570050866e-06
-0.7604130065390795	0.12410491356997798	-0.29556999474768675	0.12411026273970104	0.7604059810348637	2.255632001896905e-06
0.12929227051638167	-0.2958797638817373	0.6613822996726729	-0.2958853238817909	-0.12929107111998098	-4.3579357791549025e-06
-0.4984638907428616	-0.2662984994910026	0.5208636277090256	-0.2662977632688613	0.49845541512456065	-9.567969453783093e-06
0.5289865096856301	-0.4961909944370878	-0.21642164260620078	-0.49619357331161623	-0.5289822483417526	6.016844093734828e-06
-0.31362576906439427	0.5658233835859009	-0.35391489537948606	0.5658137112110545	0.3136307077337716	3.7666482170508224e-06
0.1480192172668919	0.7102565574862912	0.007600022314459987	0.710250007569575	-0.14802409386205434	9.175005555150778e-07
-0.39841311833740073	-0.780264801625621	-0.15781996406908083	-0.7802588537607681	0.39840353865571854	9.440377144992807e-06
0.13000811880987337	0.08520690529408835	0.2685006690246946	0.08521630890872878	-0.13001221279458602	-6.3875190662358146e-06
0.2888831847005266	-0.43170352712102267	-0.42435773342573857	-0.4316964955126374	-0.28888691497293345	2.683580998043608e-06
-0.3377242236547791	-0.4270478307673874	-0.38385450614123917	-0.4270480412176246	0.3377244881465642	-8.348198219584742e-06
-0.519769063587469	-0.5339734883324475	-0.5210392125840647	-0.5339806623479196	0.5197631031689142	9.9421727194304e-06
-0.5777124770958049	-0.24473894388025974	-0.5140711440823257	-0.2447294234913348	0.57772121443998	-3.6777757413937235e-06
-0.9649401667156816	-0.04382997892843256	0.03354813716767412	-0.04383752274017215	0.9649356866397365	-9.86341951114163e-06
-0.32974239394774446	-0.6305298235743538	0.010362480069708292	-0.6305391991588251	0.3297358042509811	5.782968915258852e-06
-0.1590933876859493	-0.5528046335188276	-0.32601334892956324	-0.5528068467004609	0.15910172075340143	7.563615648411174e-06
-0.2575647429558728	0.18041359211941732	0.5444789736526182	0.18041771297396508	0.25755589483106534	-7.833711023001235e-06
-0.6194656429549703	-0.18030916246066442	-0.26279577980337854	-0.18031823055925972	0.6194559346229829	3.6304115097694483e-06
0.7098654589746971	0.34080414915227475	0.0386750365089149	0.3408100949230104	-0.7098664128748655	6.16715605181794e-07
0.3507380985291663	-0.07317676400696195	0.04122348162470823	-0.07317967595050401	-0.35073837793683965	7.517910929048739e-06
0.3604790134493105	-0.37311418128772356	-0.02703165014797738	-0.37311614053456954	-0.3604797119140208	1.27130172827506e-06
-0.07977784250002111	0.4789873815742768	-0.522354500408568	0.4789830751977368	0.07977099836979294	4.509980683998313e-06
-0.2753317095198074	0.10271554850931262	-0.9081552084500301	0.10271398631876655	0.27533927249973955	1.056245406136111e-06
0.4831734438932073	-0.28556385834994946	-0.3224413155570721	-0.28556535140025674	-0.4831786595637582	3.888990737040263e-06
-0.4105268024227647	0.2429018026755564	0.6301975761107496	0.2429027355203562	0.41052095307203573	7.528572248121014e-06
-0.5371552326885172	-0.766619069702713	0.009595724276887697	-0.7666174759308987	0.5371467557910652	4.366730756095334e-06
-0.04480849449660078	-0.17902209488750576	-0.22360089348537782	-0.1790173824153566	0.04481265019351633	1.197365622137731e-08
0.17156488803566725	0.13265418000339857	-0.8731774087063019	0.13265920661534572	-0.17157167432896778	4.09596071786102e-06
-0.45824970531755255	-0.22333504323044695	-0.8323316885121227	-0.22334323686061186	0.4582432695597886	1.8660745048913523e-06
0.5140536920942806	-0.06360681319878005	0.12733151407052434	-0.0636119153104168	-0.514061595504238	5.106238462156369e-06
-0.3325053152299758	-0.15479018729212302	-0.8718085943719972	-0.15479376042703666	0.33251272241636515	4.901748820278786e-06
0.10858709939142082	0.17621403055563978	-0.4208735695913993	0.17621153923616414	-0.10858221233251697	1.6747430310433725e-06
-0.2311848333857445	-0.21828671266408828	-0.5124183008533011	-0.2182846548822482	0.23117516797510376	-5.475345775736757e-06
0.5413495039534426	-0.27086353655229656	-0.03716725049002568	-0.2708613671176952	-0.5413504203011277	7.034818996704164e-06
0.6468504066419092	-0.13733795800113457	-0.511390185770861	-0.13733364614204868	-0.6468484258586267	-5.680122969592963e-06
0.23226008677340101	0.17066227541407242	-0.5658560953976298	0.17066060048570578	-0.23226621647892398	-3.0879985573980268e-06
-0.5311664633186759	-0.3700558398276247	-0.07476201749306267	-0.3700586368688242	0.5311725088011892	-5.097738623335564e-06
-0.6466267591591492	-0.6707871416301067	-0.17327348673405252	-0.6707794304443533	0.6466321752775417	-7.003327687882857e-06
-0.08447847741309715	0.5190263257818578	0.5937700625100001	0.5190227716663525	0.08448528416494738	1.8378609214109493e-06
0.2732838683554701	0.21188641325324864	0.7218899458252642	0.21188199502786614	-0.27328583778809473	-2.756285057305149e-06
0.11797803219345156	-0.13656377809783582	-0.1192429534352001	-0.13655749437469095	-0.11796984118042714	7.0800805396336145e-06
-0.10485370713074342	-0.38515942849034357	0.8192878389937889	-0.3851494279592291	0.10486286606954404	2.7790402837052846e-06
0.11084220811025465	0.6284656046869185	-0.08877812727632341	0.6284671751714969	-0.11084484245231116	1.1349281199376788e-06
-0.35671807211199874	0.2086638682113947	0.3493715776481233	0.20866190836495055	0.3567116655764293	-2.655063395108824e-06
-0.8331720100448252	0.0816411483339584	-0.3240180268270815	0.08164990231509789	0.8331791870856152	-3.7676663818172435e-06
-0.47381070302865075	0.08787035380122386	0.5028680602780257	0.0878653775616628	0.4738046623854395	-4.489920480339898e-06
0.34711628816643864	-0.39011871753895366	0.0050034874355114785	-0.39011448991290826	-0.3471077853655876	-4.092051602546289e-06
-0.7208880240265028	0.1319478899645018	-0.6237844631481043	0.13195554753861394	0.7208968884476548	8.703301032995863e-06
0.5463813163413114	0.4027239140835913	-0.7005698234473451	0.4027165984668595	-0.5463853969256609	-6.153587732045447e-06
-0.59186755705362	0.2807780070615603	-0.7453422429236046	0.2807849690190847	0.5918771932304093	-5.174189236817299e-06
0.5122354334481607	-0.21957428845847982	-0.5328156536338563	-0.219575605977343	-0.5122370804947021	-7.581105328777452e-06
0.7418709703564441	-0.5478563984733472	0.15463763676590359	-0.5478624562408742	-0.7418690811984078	1.6018685492835045e-06
-0.2584958922970509	-0.02168101915489852	-0.3237682550975306	-0.02168304212701212	0.2584861526997843	-9.534996313695513e-06
-0.7592411244649504	-0.05912428969257778	0.204580358455405	-0.05913271779348358	0.7592506734680486	2.6137180076594705e-06
0.45859257321718977	0.017374059861640853	-0.1371865798412516	0.01736753376957239	-0.4585934801398661	8.748845175418289e-06
-0.5096394280035386	0.30784282254179496	-0.4152875803379218	0.30783416680366227	0.5096430575113636	8.011402388900627e-06
0.7071748682632562	0.0062884637429173485	-0.565105649552483	0.006297719222322917	-0.7071805260892337	-4.628386621068823e-06
-0.24974145867257727	-0.6673729000118626	-0.03893463691292388	-0.6673740805644782	0.2497460714975255	-9.251042206035259e-07
-0.09576732779254397	-0.7187685105586424	0.5824582642623916	-0.7187756674228376	0.0957656705681622	-5.148160671923702e-07
-0.42437926330814874	-0.3990696708111906	0.7317216567953545	-0.3990703372244468	0.42437717918408524	-1.1775203364528336e-06
-0.74836512436922	-0.366522688428237	-0.04688541325922969	-0.36651495134582246	0.7483566896188775	9.008516297627082e-06
0.11041498369540222	0.1648376735165974	-0.3706955824438506	0.1648452788213482	-0.1104159615386624	-3.885612852428349e-06
-0.2294363481635571	0.4371436105948149	0.2339580548548138	0.4371430712849199	0.2294409150261095	-1.2716946999600526e-07
0.40273199612498883	0.43874742055087024	0.5973276604426304	0.43873963917647457	-0.4027347320659252	1.6808199602378554e-06
-0.48724657112152064	-0.27306544104411545	-0.3378275399962455	-0.27306144610269606	0.4872382722700874	3.177425230318053e-06
0.5480540137159973	0.40085440757882596	-0.6285061615878306	0.4008640859764697	-0.5480554057528011	2.747059819574099e-07
0.025585605162967	0.9904840463473746	0.030564920517934236	0.9904755773219145	-0.0255904324783292	-8.624032219614232e-06
-0.7188627059712369	-0.3944824833219521	0.49613385861230397	-0.39447901824997955	0.7188568228147351	-7.720321563722253e-06
-0.42584134890374764	-0.1947353084345319	0.20879462011828565	-0.19472963775434618	0.4258465767807592	-6.640738153992248e-06
-0.3098640731271814	0.12745272563704624	-0.09397959681869796	0.1274559101110251	0.3098629269660545	-3.0800786594941774e-06
0.12338275963736019	-0.09471273906715862	0.23398658144655726	-0.09471101165779953	-0.12338643383881824	1.103905193429024e-06
-0.8429035651379124	-0.17156874946458334	-0.4312894000362165	-0.1715670265922479	0.8429083975535107	-8.381740062674308e-06
-0.35797385263912745	0.24055139096766476	-0.43273260206866937	0.2405574886581791	0.35797264129549833	2.2967519011725284e-06
0.8499136424696716	0.5056215800534628	-0.05225610463433073	0.5056210785950273	-0.8499122069135773	-7.826310843971552e-06
-0.6681621653786787	-0.02176025008210715	-0.15487015383042702	-0.02176385950695944	0.6681611533173848	5.566076679025524e-06
0.30130578009687564	0.5453699057555449	-0.17179372388127978	0.5453723907798586	-0.3013003986575963	-1.2748520167454985e-06
0.116626770226065	0.8038728816028792	-0.04431522147163303	0.8038813306218412	-0.11661882833320045	-8.879127971608375e-06
-0.5155483350196344	0.3634765839149646	-0.7668941020483305	0.3634692209317919	0.5155468098596778	-2.7253113145995815e-08
0.05622453927904854	0.5639966036161136	-0.33419964549482917	0.5640022839157025	-0.05623436940593587	5.675229740295053e-06
0.07579291949723284	0.23687605651631471	0.339019002041106	0.2368685327099405	-0.07579738753735006	-4.525569193951591e-06
0.3362711626077756	-0.35818993295001367	-0.833954200330577	-0.3581844895815439	-0.3362731694064175	-9.257689051024466e-06
0.1856317375504901	-0.7865586346696084	0.45436202333826714	-0.7865519817413642	-0.18562620431615173	-8.251257983656032e-06
-0.17873108107148886	0.5928724829236319	0.7424990053897399	0.5928734973327092	0.17873997142067932	2.7328433743557216e-06
0.2454134982954714	0.9059789559380084	-0.3170396688952125	0.9059809105735114	-0.24542251817088645	2.200350403670496e-06
0.631990335912644	-0.5797139337671516	0.07249128188870989	-0.579715983541857	-0.6319876787112207	-7.942170727658784e-06
-0.22667470187741626	0.5181502557366876	-0.5185844190415135	0.5181467563275234	0.22667904814161738	-2.7358009649691893e-06
0.3040360724655375	-0.01986428572129907	0.743029255576488	-0.01986360287442845	-0.3040286128416314	5.110172696200998e-06
0.4719318511416694	0.7575041086145228	-0.15643603626877212	0.7574961543082815	-0.47193362273082345	9.272503195853975e-06
0.11488768991451832	0.5514311964860587	0.36236395543627686	0.5514396556965783	-0.11488154837644518	7.038994396613926e-06
0.44920905262874883	-0.6827705173970618	-0.18263168196172563	-0.6827688042466815	-0.4492025314041674	-7.144208535902572e-06
0.47637482380354673	0.09286271266916311	0.7453177058475068	0.09286559802648878	-0.47636598414616316	1.099406021446549e-06
0.4388216521099099	0.5011395162913482	-0.23716679049742007	0.5011472736284938	-0.4388117505070692	-2.922072275365804e-06
0.22719965384876015	0.291198707151331	0.026192191233235563	0.2911972636127343	-0.2272027324993037	-8.333316314564309e-06
0.656704381116529	-0.36666184969621074	-0.5727250362183532	-0.36667165303621124	-0.6567059545979402	3.5721270480783124e-06
0.27202966817173174	-0.41629271014801017	0.5676251761438617	-0.41629233237116003	-0.27202545108907256	-5.090792539627232e-06
0.6791279743543839	0.3012262990082949	0.025463020244145363	0.30123187014557545	-0.6791373504398733	1.4244872825088213e-06
0.20479709840570812	0.641186397058373	0.058705643633814135	0.6411860642446072	-0.20479190048095872	8.80549885717563e-06
-0.40655467998640665	0.4828880186618897	-0.4408274420501205	0.4828801642808508	0.4065502085827892	-6.213734186774762e-06
0.4056211552165209	0.36777597178826726	-0.3182266666965986	0.36777490733790413	-0.4056119509377898	8.54368183860393e-06
-0.5505741037197298	0.2887166677253198	0.662567675456076	0.28870942802799815	0.5505730034529258	1.8871170843657476e-06
0.30845955677577414	-0.02135340657164643	0.3345855909818637	-0.02134873017124679	-0.3084680974038733	7.646873465668186e-06
0.7166083223991415	0.23104132105603659	0.39071531379129454	0.23104493013572294	-0.7166070726493777	4.906694365578432e-06
0.7441042280575032	0.11456795386095707	0.4250128834386907	0.11456353675221334	-0.7441046306083932	3.207054925397073e-07
0.2812244434892421	-0.5194855071546177	-0.034746049881264514	-0.5194819182030685	-0.2812314859060813	7.0610107992991e-07
-0.15089019717197297	0.03361646583553256	-0.23928744045115857	0.03362604317722049	0.1508947295226252	6.479649256271496e-06
-0.12739087144853525	-0.38533150137579	-0.07134155888273454	-0.3853239709846668	0.1273886065062744	8.269371103141076e-06
-0.23193143703565136	-0.3617150435037454	0.624506692225781	-0.36170626078991647	0.23193667529660975	-6.053227307960479e-07
0.6964732135312779	0.1887411671099707	-0.28078076075175906	0.18873819639694747	-0.6964703337268906	-7.08996243392134e-06
0.6218405933207458	0.33834423710033057	0.5312754420494658	0.3383395103941824	-0.621849392038366	-4.8397237562389164e-06
-0.633419201057086	0.25225769191042235	0.6425690598724	0.2522588892695945	0.6334257202363397	9.855562476004446e-06
-0.2069906820320904	-0.4127374571747492	0.03957529294242589	-0.4127456986798733	0.20699664162108078	-9.717964190481917e-06
0.34342441187269895	0.1436404836579096	0.4824287636812289	0.1436308249187962	-0.34341474574839753	5.467082065716224e-06
-0.014663874765862991	-0.7734566070650563	-0.09249706715037655	-0.7734622088481292	0.014654419366076156	7.335238964237306e-07
0.6036403593042641	0.4491999504679177	-0.35333964000008844	0.4492089232310838	-0.6036432825271275	-3.0490738445032593e-06
-0.8560429732863932	-0.013882476877997386	-0.003588480899142109	-0.013878055266984686	0.856033762756392	1.6714417372329365e-06
-0.36137816397828854	-0.04655146351562402	-0.873094380304743	-0.04655948131913186	0.3613877275768737	-7.3309491539968336e-06
-0.0014865510985440497	-0.7760646906649401	0.2745016027764847	-0.7760587868934754	0.0014873634534641304	-7.611082764234534e-06
-0.3385727035251907	-0.10987194621823994	0.5838069500428492	-0.10986500423256312	0.3385640526578548	7.85448316916342e-06
0.36589968854432015	-0.5616205387873335	0.6185887134660545	-0.5616141146248095	-0.3659055420449191	4.181071351480749e-06
0.05339517254392452	0.7833825876095556	-0.3957482592666325	0.783374101138543	-0.05339311430573741	-6.150454963896408e-06
0.8165709975814319	0.14165596633122213	-0.4663202192993282	0.14164832555774995	-0.8165690314927321	-9.815256836200643e-07
-0.4118256023164058	0.31808014311685995	0.8004968364021318	0.3180767225917032	0.41183387395443694	9.001888843647509e-06
-0.0571602613192697	-0.7660547866555373	0.2596226051271914	-0.7660617725158324	0.05716387725404993	-7.595006216571849e-06
0.6830661995738809	0.226933606411032	0.0026724767486733148	0.22692503708347952	-0.6830574118782934	-4.459044025029009e-06
0.10205267518297086	0.5156203971634558	-0.21805830268975657	0.5156180665536455	-0.10205610378059206	-1.952256625004501e-06
-0.5348537054051532	-0.7232693118610495	-0.11349923348548731	-0.7232655034313435	0.5348570381678112	1.5383369006467768e-06
-0.5146695788860933	0.17466748696137657	-0.6662150316983136	0.17466041228380538	0.5146788806900918	-1.2815262610588923e-06
0.5105660406314114	-0.4003227587277455	0.6052475086480519	-0.4003140384859103	-0.5105629123906641	-7.160100979627644e-06
0.41085698029697854	0.6859309332484457	0.20446232457828784	0.6859229622748042	-0.4108650141035318	-5.006443838627868e-06
-0.36311232028852763	-0.47536390790277416	0.6238549167381314	-0.47535464119122955	0.36311828484768766	2.5442888739307593e-06
0.29180028595504676	-0.7091728750354475	0.5839807928041872	-0.7091634381858859	-0.29179397530475626	2.9247248605014885e-08
0.5703415872090853	-0.24454982484287313	0.6023004051311468	-0.2445533960005281	-0.5703394392036927	-8.40351265776874e-06
0.8243292143102539	-0.23560611560653288	-0.333381281628364	-0.2356127151115963	-0.8243355761923	3.309027430709301e-06
-0.1460683971043877	0.24177845127795494	-0.43086424498345	0.2417715603691462	0.1460599157273596	-4.4189977093159505e-06
0.7242551929092806	-0.1434951403683461	0.6237036669039934	-0.14349926943346672	-0.7242632567530866	-4.994135024160512e-07
0.14787262848357183	-0.06281221985229081	0.6701475200262649	-0.06281142390884648	-0.14786379616669174	-7.712626762759934e-06
-0.49567439471245384	-0.21687059419416788	0.779210977172054	-0.21687674113198982	0.4956735886758521	2.2597483935308197e-06
0.1639841440881966	-0.1641599086309805	-0.7662970409697399	-0.1641593541346259	-0.16398634721518965	-8.295094451804958e-06
-0.3282923950923969	0.17872578136909623	-0.9165417117277305	0.17872726764054592	0.3282863864659159	7.211918404621559e-07
0.9333227184304758	-0.19562537356213638	-0.10230658098886404	-0.19561618472663928	-0.9333198894585835	-6.406014108500591e-06
-0.35213387083717645	0.44636686283256577	0.27003775634430094	0.4463614894249493	0.3521384032221725	7.689759672251226e-06
-0.37344805419318	-0.4691254652458484	-0.3816879258905922	-0.4691205829238016	0.373442754205868	3.950842377454661e-06
0.2954463063233816	-0.09184004708757033	-0.34167573574142873	-0.09184891981772811	-0.2954493312368275	8.875643518990561e-06
-0.43642894427809004	-0.2748391416572301	-0.37222347853820825	-0.27483397628731443	0.4364281186608131	-5.144933514804507e-06
0.2651449169541102	-0.2608328153441105	0.16767936535372685	-0.2608375015448842	-0.26513689201201757	-8.21149490307881e-06
-0.8393628881418214	-0.3622173166530608	-0.3274194866452872	-0.36222144606338263	0.8393665656114281	-8.52829367475634e-06
-0.41184514508162834	0.23279612877957911	0.8320699763534994	0.2328036453128793	0.41183814300176386	5.807260491582542e-06
-0.5351733141386081	0.6616496658498904	-0.11152558377472123	0.6616511470312142	0.5351651044087813	3.3669258590579505e-07
0.2564490776723842	-0.24502959568536486	-0.7713846886133279	-0.24502135544542777	-0.2564518535395478	6.955415826539799e-06
-0.34126283240534133	-0.050065804292246954	-0.25935622548131965	-0.050057305856970095	0.34126339000332406	-1.811421548998638e-06
-0.6953592165273783	0.6048732694368383	-0.169039477469476	0.6048720766964018	0.6953684058918487	6.468153032109067e-06
0.47852942212679545	-0.5024137353860264	0.48941812739868074	-0.5024154878725205	-0.47852977936941354	4.469333458039253e-07
-0.43361792330032484	0.3357169860166075	-0.4865310187724253	0.3357098407493941	0.43362084819993124	2.8038294729075966e-06
0.6518697274617562	0.2493804643080898	-0.016055897932750873	0.2493717295486941	-0.6518785345576243	-5.0480889509082674e-06
0.17001612343773773	-0.0817163809515812	-0.7341863617400538	-0.08171884739740898	-0.17002207594247976	-2.102252511637675e-06
0.02716852242291852	-0.8306894483764234	0.3237873869855902	-0.8306976746099953	-0.02716215624198918	-1.2647052624926985e-06
0.4206485409791327	0.38111765597041025	0.027480582292251133	0.3811231204791845	-0.4206498494011125	-3.158767397033174e-06
-0.440827212933435	-0.3165145887371906	0.09561315552811932	-0.3165212519471733	0.4408275343821478	-3.8187138352618285e-07
-0.3746924458535475	0.2827042554148239	0.8229842680621854	0.282712017382067	0.37469319831687	3.986020561899532e-06
0.8768209107635623	0.07882985932572338	0.2959373461661724	0.07883168051552406	-0.8768143353132813	1.5738206542906425e-06
-0.7830909975886979	0.5436022756376803	-0.029763914304541516	0.5436115997446151	0.7830886582698261	4.0569021099105824e-06
-0.6568670289997138	0.582194423156957	-0.14329593358821813	0.5821961298474989	0.6568695883710683	8.385106986014644e-06
-0.5790769689831696	0.5352876964176746	-0.5815156692696132	0.5352814903829869	0.5790791200395929	-3.6579196264285244e-07